ISS
1 25544U 98067A   21107.58244333  .00000946  00000-0  25412-4 0  9990
2 25544  51.6445 282.4828 0002680 236.8482 199.8666 15.48892929279202
Vanguard 2 Rocket
1    12U 59001B   21107.10665233  .00000022  00000-0 -91530-5 0  9993
2    12  32.9124   8.4669 1666707 232.5153 111.2084 11.44400210557341
Trios 1
1 00029U 60002B   21106.87369430 -.00000099  00000-0  16375-4 0  9994
2 00029  48.3801 316.6222 0023627  90.6365 269.7254 14.74419883263317
Altair
1 00050U 60009B   21106.67951134 -.00000113  00000-0 -25809-3 0  9990
2 00050  47.2302 260.1577 0114028 149.4057 211.3445 12.20116580707245
S 56 A
1 00082U 61004B   21106.56862999 -.00000118  00000-0 -46968-4 0  9994
2 00082  38.8537 155.9867 1175538 106.5226 266.7667 12.26040170845010
Explorer 11
1   107U 61013A   21107.14972429  .00000331  00000-0  25283-4 0  9999
2   107  28.7884 266.0199 0545975 357.3481   2.4256 14.09174669  8651
Midas 5
1 00271U 62010A   21108.38569068  .00000001  00000-0 -61751-3 0  9991
2 00271  86.6666 229.9240 0332270 185.4327 174.2927  9.41309572 28298